0;31;0;2973360;3075200;
0;19;0;3075200;3177040;
0;28;0;3177040;3278880;
1;31;0;71280;140480;
1;31;0;2071280;2140480;
1;31;0;4071280;4140480;
1;31;0;6071280;6140480;
1;19;0;140480;209680;
1;19;0;2140480;2209680;
1;19;0;4140480;4209680;
1;19;0;6140480;6209680;
1;28;0;209680;278880;
1;28;0;2209680;2278880;
1;28;0;4209680;4278880;
1;28;0;6209680;6278880;
2;31;1;2321120;2398560;
2;31;1;6321120;6398560;
2;19;1;2398560;2476000;
2;19;1;6398560;6476000;
2;28;1;2958800;3036240;
2;28;1;6958800;7036240;
3;31;1;1088640;1158240;
3;31;1;5088640;5158240;
3;21;1;1158240;1227840;
4;31;1;2520720;2617200;
4;31;1;7011680;7108160;
4;21;1;3108160;3204640;
5;31;0;2768800;2859040;
5;31;0;6768800;6859040;
5;19;0;2873760;2964000;
5;19;0;6873760;6964000;
5;26;0;2978720;3068960;
5;15;0;3083680;3173920;
6;31;1;696160;802080;
6;31;1;4696160;4802080;
6;19;1;815360;921280;
6;19;1;4815360;4921280;
6;26;1;934560;1040480;
6;15;1;1172960;1278880;
7;31;0;2859040;2964000;
7;31;0;6859040;6964000;
7;19;0;2964000;3068960;
7;19;0;6964000;7068960;
7;26;0;3068960;3173920;
7;15;0;3173920;3278880;
8;31;0;499200;561200;
8;31;0;4499200;4561200;
8;22;0;1026240;1088240;
9;31;0;561200;624320;
9;31;0;4561200;4624320;
9;22;0;1088240;1151360;
10;31;0;802080;921280;
10;31;0;4802080;4921280;
10;19;0;921280;1040480;
10;19;0;4921280;5040480;
10;26;0;1040480;1159680;
10;16;0;1159680;1278880;
11;31;0;2236320;2278160;
11;31;0;6236320;6278160;
11;19;0;2313760;2355600;
11;19;0;6313760;6355600;
11;26;0;2373280;2415120;
11;17;0;2643360;2685200;
12;31;0;2198960;2236320;
12;31;0;6198960;6236320;
12;19;0;2247200;2284560;
12;19;0;6247200;6284560;
12;26;0;2284560;2321920;
12;17;0;2606000;2643360;
13;31;0;624320;696160;
13;31;0;4624320;4696160;
13;18;0;926080;997920;
13;18;0;4926080;4997920;
13;4;0;1030160;1102000;
13;4;0;5030160;5102000;
14;31;0;974080;1075680;
14;31;0;4974080;5075680;
14;18;0;1075680;1177280;
14;18;0;5075680;5177280;
14;4;0;1177280;1278880;
14;4;0;5177280;5278880;
15;31;0;2278160;2321120;
15;31;0;6278160;6321120;
15;19;0;2355600;2398560;
15;19;0;6355600;6398560;
15;25;0;2668240;2711200;
15;10;0;2730400;2773360;
16;31;0;2617200;2690880;
16;31;0;6617200;6690880;
16;18;0;2690880;2764560;
16;18;0;6690880;6764560;
16;3;0;2764560;2838240;
16;25;0;2838240;2911920;
16;10;0;2911920;2985600;
17;32;1;2221040;2270560;
17;27;1;2523440;2572960;
17;20;1;2749280;2798800;
18;32;1;2546640;2636160;
18;32;1;6546640;6636160;
18;27;1;2636160;2725680;
18;27;1;6636160;6725680;
18;20;1;2948720;3038240;
18;20;1;6948720;7038240;
19;32;2;2641520;2719440;
19;32;2;6641520;6719440;
19;24;2;2744720;2822640;
19;2;2;2822640;2900560;
19;20;2;3114720;3192640;
19;20;2;7114720;7192640;
20;32;0;2719440;2834080;
20;32;0;6719440;6834080;
20;26;0;2854400;2969040;
20;15;0;2969040;3083680;
21;32;1;2834080;2945280;
21;32;1;6834080;6945280;
21;24;1;2945280;3056480;
21;2;1;3056480;3167680;
21;22;1;3167680;3278880;
22;32;0;1106720;1192800;
22;32;0;5106720;5192800;
22;29;0;1192800;1278880;
23;32;0;2270560;2321920;
23;32;0;6270560;6321920;
23;26;0;2321920;2373280;
23;16;0;2944960;2996320;
24;32;0;2327200;2389600;
24;32;0;6327200;6389600;
24;26;0;2415120;2477520;
24;16;0;2996320;3058720;
25;32;1;2389600;2477520;
25;32;1;6389600;6477520;
25;26;1;2477520;2565440;
25;17;1;2963600;3051520;
26;32;0;2484480;2546640;
26;32;0;6484480;6546640;
26;25;0;2711200;2773360;
26;10;0;2773360;2835520;
27;33;2;2153920;2240640;
27;33;2;6216960;6303680;
27;20;2;2798800;2885520;
27;20;2;6798800;6885520;
28;33;0;2549360;2603680;
28;33;0;6549360;6603680;
28;20;0;2658160;2712480;
28;20;0;6658160;6712480;
29;33;0;708320;761840;
29;33;0;4708320;4761840;
29;19;0;761840;815360;
29;19;0;4761840;4815360;
29;26;0;881040;934560;
29;15;0;1036640;1090160;
30;33;0;2603680;2687120;
30;33;0;6603680;6687120;
30;19;0;2687520;2770960;
30;19;0;6687520;6770960;
30;26;0;2770960;2854400;
30;15;0;2885600;2969040;
31;33;0;1076480;1151360;
31;33;0;5076480;5151360;
31;22;0;1151360;1226240;
32;33;1;870240;927680;
32;33;1;4870240;4927680;
32;22;1;968800;1026240;
33;33;0;2463360;2536400;
33;33;0;6463360;6536400;
33;19;0;2536400;2609440;
33;19;0;6536400;6609440;
33;26;0;2619840;2692880;
33;16;0;3113120;3186160;
34;33;0;2240640;2303680;
34;18;0;2317120;2380160;
34;4;0;2902080;2965120;
35;33;0;2303680;2380160;
35;33;0;6303680;6380160;
35;18;0;2380160;2456640;
35;18;0;6380160;6456640;
35;4;0;2965120;3041600;
35;4;0;6965120;7041600;
36;33;0;2687120;2782400;
36;33;0;6687120;6782400;
36;18;0;2782400;2877680;
36;18;0;6782400;6877680;
36;1;0;2884000;2979280;
36;10;0;2985600;3080880;
37;33;0;927680;997920;
37;33;0;4927680;4997920;
37;18;0;997920;1068160;
37;18;0;4997920;5068160;
37;3;0;1068160;1138400;
37;25;0;1138400;1208640;
37;10;0;1208640;1278880;
38;33;0;2872480;2974080;
38;33;0;6872480;6974080;
38;18;0;2974080;3075680;
38;18;0;6974080;7075680;
38;1;0;3075680;3177280;
38;10;0;3177280;3278880;
39;34;1;2446560;2509760;
39;14;1;2509760;2572960;
39;27;1;2572960;2636160;
39;27;1;6572960;6636160;
39;20;1;2885520;2948720;
39;20;1;6885520;6948720;
40;34;0;886880;965280;
40;13;0;965280;1043680;
40;9;0;1043680;1122080;
40;27;0;1122080;1200480;
40;27;0;5122080;5200480;
40;20;0;1200480;1278880;
40;20;0;5200480;5278880;
41;34;0;2540640;2580800;
41;14;0;2599920;2640080;
41;28;0;2807760;2847920;
41;28;0;6807760;6847920;
42;34;0;2874240;2952640;
42;14;0;2952640;3031040;
42;28;0;3036240;3114640;
42;28;0;7036240;7114640;
43;34;0;810720;841520;
43;14;0;869440;900240;
43;27;0;977520;1008320;
43;27;0;4977520;5008320;
43;21;0;1127440;1158240;
44;34;0;2732800;2841520;
44;14;0;2841520;2950240;
44;27;0;2950240;3058960;
44;27;0;6950240;7058960;
44;22;0;3058960;3167680;
45;34;0;841520;886880;
45;14;0;900240;945600;
45;29;0;1085680;1131040;
46;34;1;2392240;2446560;
46;16;1;2890640;2944960;
47;34;0;2580800;2685200;
47;17;0;2685200;2789600;
48;34;0;39600;119360;
48;34;0;2039600;2119360;
48;13;0;119360;199120;
48;13;0;2119360;2199120;
48;10;0;199120;278880;
48;10;0;2199120;2278880;
49;35;0;935440;978080;
49;20;0;1015280;1057920;
49;20;0;5015280;5057920;
50;35;0;978080;1057920;
50;20;0;1057920;1137760;
50;20;0;5057920;5137760;
51;35;1;2051520;2096000;
51;19;1;2096000;2140480;
51;19;1;6096000;6140480;
51;28;1;2847920;2892400;
51;28;1;6847920;6892400;
52;35;1;2468960;2531360;
52;18;1;2565520;2627920;
52;18;1;6565520;6627920;
52;3;1;2627920;2690320;
52;28;1;3114640;3177040;
52;28;1;7114640;7177040;
53;35;0;172320;225600;
53;35;0;2172320;2225600;
53;21;0;225600;278880;
53;21;0;2225600;2278880;
54;35;2;2978880;3043520;
54;21;2;3043520;3108160;
55;35;0;2146480;2172320;
55;19;0;2221360;2247200;
55;19;0;6221360;6247200;
55;26;0;2258720;2284560;
55;15;0;2790240;2816080;
56;35;2;758960;841760;
56;18;2;841760;924560;
56;18;2;4841760;4924560;
56;1;2;924560;1007360;
56;8;2;1007360;1090160;
56;15;2;1090160;1172960;
57;35;0;683360;711360;
57;19;0;733840;761840;
57;19;0;4733840;4761840;
57;26;0;853040;881040;
57;16;0;1131680;1159680;
58;35;0;2402240;2456640;
58;18;0;2456640;2511040;
58;18;0;6456640;6511040;
58;3;0;2511040;2565440;
58;26;0;2565440;2619840;
58;16;0;3058720;3113120;
59;35;1;2531360;2609440;
59;19;1;2609440;2687520;
59;19;1;6609440;6687520;
59;26;1;2692880;2770960;
59;17;1;3051520;3129600;
60;35;1;711360;758960;
60;18;1;794160;841760;
60;18;1;4794160;4841760;
60;4;1;982560;1030160;
60;4;1;4982560;5030160;
61;35;0;2697280;2781280;
61;19;0;2789760;2873760;
61;19;0;6789760;6873760;
61;24;0;3110880;3194880;
61;4;0;3194880;3278880;
61;4;0;7194880;7278880;
62;35;0;2341840;2402240;
62;19;0;2476000;2536400;
62;19;0;6476000;6536400;
62;24;0;2884880;2945280;
62;4;0;3041600;3102000;
62;4;0;7041600;7102000;
63;35;0;2781280;2877680;
63;18;0;2877680;2974080;
63;18;0;6877680;6974080;
63;1;0;2979280;3075680;
63;10;0;3080880;3177280;
64;36;0;933920;996640;
64;14;0;996640;1059360;
64;27;0;1059360;1122080;
64;27;0;5059360;5122080;
64;20;0;1137760;1200480;
64;20;0;5137760;5200480;
65;36;1;2688560;2765040;
65;14;1;2765040;2841520;
65;27;1;2873760;2950240;
65;27;1;6873760;6950240;
65;20;1;3038240;3114720;
65;20;1;7038240;7114720;
66;36;0;2622160;2688560;
66;14;0;2698640;2765040;
66;28;0;2892400;2958800;
66;28;0;6892400;6958800;
67;36;0;882880;933920;
67;14;0;945600;996640;
67;27;0;1008320;1059360;
67;27;0;5008320;5059360;
67;21;0;1227840;1278880;
68;36;0;2552640;2622160;
68;15;0;2816080;2885600;
69;36;0;2978880;3078880;
69;14;0;3078880;3178880;
69;29;0;3178880;3278880;
70;36;0;1035360;1083200;
70;36;0;2931040;2978880;
70;14;0;1083200;1131040;
70;14;0;3031040;3078880;
70;29;0;1131040;1178880;
70;29;0;3131040;3178880;
71;36;0;0;59680;
71;36;0;2000000;2059680;
71;13;0;59680;119360;
71;13;0;2059680;2119360;
71;10;0;139440;199120;
71;10;0;2139440;2199120;
72;37;0;2581520;2640080;
72;14;0;2640080;2698640;
72;29;0;3072480;3131040;
73;37;0;814720;890000;
73;37;0;2876160;2951440;
73;13;0;890000;965280;
73;13;0;2951440;3026720;
73;7;0;1026720;1102000;
73;7;0;3026720;3102000;
73;4;0;1102000;1177280;
73;4;0;3102000;3177280;
73;4;0;5102000;5177280;
73;4;0;7102000;7177280;
74;37;0;2682720;2759120;
74;13;0;2759120;2835520;
74;10;0;2835520;2911920;
75;38;0;2430560;2467360;
75;2;0;2654960;2691760;
75;20;0;2712480;2749280;
75;20;0;6712480;6749280;
76;38;0;2933920;3020160;
76;3;0;3020160;3106400;
76;27;0;3106400;3192640;
76;27;0;7106400;7192640;
76;20;0;3192640;3278880;
76;20;0;7192640;7278880;
77;38;0;2541600;2615840;
77;3;0;2690320;2764560;
77;27;0;2799520;2873760;
77;27;0;6799520;6873760;
77;21;0;3204640;3278880;
78;38;0;1120960;1173600;
78;2;0;1173600;1226240;
78;22;0;1226240;1278880;
79;38;0;2467360;2541600;
79;2;0;2691760;2766000;
79;22;0;2775040;2849280;
80;38;0;187920;218240;
80;38;0;2187920;2218240;
80;2;0;218240;248560;
80;2;0;2218240;2248560;
80;22;0;248560;278880;
80;22;0;2248560;2278880;
81;38;0;2698560;2791280;
81;1;0;2791280;2884000;
81;8;0;3093440;3186160;
81;16;0;3186160;3278880;
82;38;1;2827200;2893760;
82;3;1;2893760;2960320;
82;25;1;2960320;3026880;
82;8;1;3026880;3093440;
82;17;1;3212320;3278880;
83;38;0;2615840;2698560;
83;1;0;2708560;2791280;
83;8;0;2944160;3026880;
83;17;0;3129600;3212320;
84;38;0;697760;800960;
84;1;0;800960;904160;
84;8;0;904160;1007360;
84;17;0;1175680;1278880;
85;39;1;2578000;2651840;
85;9;1;2651840;2725680;
85;27;1;2725680;2799520;
85;27;1;6725680;6799520;
85;22;1;2905920;2979760;
86;39;0;2742160;2821360;
86;7;0;2821360;2900560;
86;2;0;2900560;2979760;
86;22;0;2979760;3058960;
87;39;0;2434480;2491120;
87;7;0;2709360;2766000;
87;2;0;2766000;2822640;
87;22;0;2849280;2905920;
88;39;0;2655040;2742160;
88;8;0;2789360;2876480;
88;17;0;2876480;2963600;
89;39;0;2491120;2578000;
89;8;0;2702480;2789360;
89;17;0;2789600;2876480;
